-2092011447
-2092007136
-2092007064
-2092007071
-2092007050
-2092007067
-2092007136
-2092007053
-2092007057
-2092007059
-2092007067
-2092007052
-2092007064
-2092007063
-2092007058
-2092007065
-2092007136
1128097802
1163285097
2035506286
1986087526
1953384815
842019442
1127953005
1917085025
1380999028
1127953001
1463636847
1970105710
1953384736
1819168628
1127953007
1380998944
1818838644
1649892453
1551066378
2035506284
1634881388
1634881312
1952542841
1768178031
1769430133
1649892398
1852405536
1917085005
544108409
842019360
1936876910
1313035873
1953384813
1127952997
1952542764
1986087434
1818838633
1768713843
842019360
842019400
544108385
842019442
1970105715
842019432
1163285097
1952542836
1952542824
1380998944
1818838604
1852405601
842019435
1768713835
842019433
1649892466
1936876901
1952542820
1953384804
1819168633
1380998944
1463636841
1551066465
1852405613
1970105632
1952542822
2035506290
842019439
1768178029
1819168544
1769430131
1953384805
842019427
1128097824
1769430118
