-1238798263
-1238793952
-1238793880
-1238793887
-1238793866
-1238793883
-1238793952
-1238793869
-1238793873
-1238793875
-1238793883
-1238793868
-1238793880
-1238793879
-1238793874
-1238793881
-1238793952
1768177930
1127953001
1549890670
1163285094
1380999023
1769430130
1768178029
1127952993
544108404
842019433
2035506287
1936876910
1819168544
2035506292
1936876911
1952542752
2035506292
1128097893
1953384714
1649892460
1463636844
1917084960
1819168633
1867543407
1163285109
1970105646
1649892384
1380998989
1127953017
1852405536
1634881390
1970105697
1986087533
1549890661
1279345452
1128097802
1952542825
1128097907
1953384736
2035506248
1128097889
1649892466
1819168627
1128097896
1852405609
1463636852
1551066472
1279345440
1549890636
1970105697
1649892459
1953384811
1768713833
1768178034
1380999013
1952542820
1917085028
1549890681
1128097824
1818838633
1819168609
1769430125
1768713760
1127952998
1867543410
1953384815
1279345517
1769430048
1819168627
1128097893
1936876899
1769430048
1127952998
